stationId	lng	lat
1	116.35949	40.0727
2	116.31925	40.07129
3	116.33661	40.07121
4	116.319748	40.075256
5	116.331718	40.078995
6	116.33178	40.07911
7	116.331787	40.078823
8	116.34907	40.08548
9	116.3249	40.08713
10	116.33355	40.0773
11	116.35772	40.07314
12	116.32514	40.07283
13	116.31008	40.08335
14	116.34503	40.07445
15	116.36001	40.08697
16	116.36567	40.08881
17	116.33235	40.07003
18	116.36753	40.08029
19	116.36803	40.07867
20	116.36348	40.0818
21	116.345	40.07644
22	116.33546	40.083
23	116.32606	40.07008
24	116.34506	40.07255
25	116.32167	40.07009
26	116.35916	40.07465
27	116.31609	40.08305
28	116.32042	40.08377
29	116.33764	40.08748
30	116.34076	40.08655
31	116.33907	40.0692
32	116.31234	40.08137
33	116.33816	40.08475
34	116.32731	40.07719
35	116.32103	40.08174
36	116.31971	40.06951
37	116.34122	40.08949
38	116.3506	40.07418
39	116.35411	40.07887
40	116.35045	40.07664
41	116.32233	40.08727
42	116.35436	40.07433
43	116.3579	40.08544
44	116.3623	40.08094
45	116.31982	40.07977
46	116.31729	40.07933
47	116.34526	40.06883
48	116.34403	40.0853
49	116.3688	40.08749
50	116.32427	40.08066
51	116.3148	40.07788
52	116.34219	40.06831
53	116.35443	40.07228
54	116.33594	40.0861
55	116.31421	40.08371
56	116.32941	40.0742
57	116.32773	40.07147
58	116.32928	40.07694
59	116.35827	40.08276
60	116.35059	40.0725
61	116.33852	40.08193
62	116.36827	40.08453
63	116.33016	40.08209
64	116.32627	40.06821
65	116.3596	40.08432
66	116.33244	40.06855
67	116.32088	40.06798
68	116.33846	40.06809
69	116.32555	40.06769
70	116.34206	40.07561
71	116.3255	40.08432
72	116.33921	40.07712
73	116.3152	40.08067
74	116.36698	40.08249
75	116.33608	40.07996
76	116.35276	40.08695
77	116.3296	40.07807
78	116.33434	40.07947
79	116.3661	40.08733
80	116.35577	40.08375
81	116.34414	40.08233
82	116.33903	40.0784
83	116.33959	40.07469
84	116.34899	40.08852
85	116.322	40.08011
86	116.36765	40.07546
87	116.32394	40.08468
88	116.32085	40.07147
89	116.33776	40.07984
90	116.3575	40.08668
91	116.32276	40.07896
92	116.32508	40.07648
93	116.32133	40.07605
94	116.34887	40.08936
95	116.32388	40.07534
96	116.3235	40.07673
97	116.3687	40.07692
98	116.3227	40.07805
99	116.34492	40.07861
100	116.34969	40.07893
101	116.34937	40.08279
102	116.33413	40.07474
103	116.35844	40.07978
104	116.35855	40.07718
105	116.34376	40.08811
106	116.3398	40.07284
107	116.34572	40.08676
108	116.332481	40.084358
109	116.313766	40.08551
110	116.328545	40.085114
111	116.326698	40.082939
112	116.365685	40.075047
113	116.362099	40.073589
114	116.355927	40.08083
115	116.32991	40.07294
116	116.36014	40.08131
117	116.33392	40.07845
118	116.33578	40.07585
119	116.34124	40.08311
120	116.35254	40.0808
121	116.35142	40.08044
122	116.35438	40.07687
123	116.3238	40.06767
124	116.333122	40.081348
